Wall time,Step,Value
1587465825.002347,0,0.8112908601760864
1587465826.393023,1,0.927159309387207
1587465827.733484,2,0.9476689100265503
1587465829.086589,3,0.9542235136032104
1587465830.416486,4,0.9572893381118774
1587465831.731195,5,0.9585579633712769
1587465833.061505,6,0.9621524214744568
1587465834.526409,7,0.9657468795776367
1587465835.924907,8,0.9641610980033875
1587465837.254661,9,0.9696585536003113
1587465838.635186,10,0.9698699712753296
1587465840.043506,11,0.9770588874816895
1587465841.5119,12,0.9752616286277771
1587465842.860645,13,0.97579026222229
1587465844.195478,14,0.9791733026504517
1587465845.542151,15,0.9831905961036682
1587465846.87892,16,0.981604814529419
1587465848.197563,17,0.9844592213630676
1587465849.495366,18,0.9841420650482178
1587465850.830755,19,0.9850935339927673
1587465852.164561,20,0.987102210521698
1587465853.474681,21,0.9858335852622986
1587465854.844685,22,0.980230450630188
1587465856.27756,23,0.9915424585342407
1587465857.672574,24,0.9876308441162109
1587465859.12959,25,0.9901680946350098
1587465860.530353,26,0.9904852509498596
1587465861.924353,27,0.9914367198944092
1587465863.29653,28,0.990908145904541
1587465864.757338,29,0.9927053451538086
1587465866.212145,30,0.9946082830429077
1587465867.60892,31,0.9958769679069519
1587465868.943556,32,0.9925996661186218
1587465870.360215,33,0.9934453964233398
1587465871.776956,34,0.9943968653678894
