Wall time,Step,Value
1587466258.547584,0,0.4640025496482849
1587466259.864626,1,0.6444655656814575
1587466261.237484,2,0.8396236300468445
1587466262.523573,3,0.895020604133606
1587466263.762543,4,0.9098213315010071
1587466265.041062,5,0.9164816737174988
1587466266.293685,6,0.9241991639137268
1587466267.57456,7,0.9281107783317566
1587466268.950483,8,0.9332910180091858
1587466270.226391,9,0.9301194548606873
1587466271.584283,10,0.9327624440193176
1587466272.875884,11,0.935405433177948
1587466274.161779,12,0.93455970287323
1587466275.440879,13,0.9411143064498901
1587466276.729311,14,0.937625527381897
1587466278.116307,15,0.9403742551803589
1587466279.421534,16,0.9442858695983887
1587466280.67349,17,0.94143146276474
1587466281.899992,18,0.9447087645530701
1587466283.131541,19,0.9462945461273193
1587466284.399976,20,0.9458716511726379
1587466285.75628,21,0.9487260580062866
1587466287.016284,22,0.9450259208679199
1587466288.22006,23,0.9493603706359863
1587466289.439302,24,0.950523316860199
1587466290.732138,25,0.9520033597946167
1587466291.986711,26,0.9520033597946167
1587466293.277205,27,0.9496775269508362
1587466294.648459,28,0.949148952960968
1587466295.9974,29,0.9512633681297302
1587466297.3283,30,0.950523316860199
1587466298.530884,31,0.9488317966461182
1587466299.82584,32,0.9546463489532471
1587466301.081287,33,0.9546463489532471
1587466302.41899,34,0.9536948800086975
